image_width: 640
image_height: 480
camera_name: rgb_PS1080_PrimeSense
camera_matrix:
  rows: 3
  cols: 3
  data: [536.659590, 0.000000, 317.207894, 0.000000, 537.803843, 227.739612,
0.000000, 0.000000, 1.000000]
distortion_model: plumb_bob
distortion_coefficients:
  rows: 1
  cols: 5
  data: [0.026488, -0.088716, -0.001225, 0.001503, 0.000000]
rectification_matrix:
  rows: 3
  cols: 3
  data: [1, 0, 0, 0, 1, 0, 0, 0, 1]
projection_matrix:
  rows: 3
  cols: 4
  data: [534.809692, 0.000000, 317.525117, 0.000000, 0.000000, 537.613953, 226.793982, 0.000000, 0.000000, 0.000000, 1.000000, 0.000000]
